{
  "backend": "CYCLES",
  "light_mode": "uniform",
  "fast_mode": false,
  "format_version": 6,
  "channels": [
    "R",
    "G",
    "B",
    "A",
    "D"
  ],
  "scale": 0.5,
  "images": [
    {
      "intrinsic": [
        [
          955.4050067376327,
          0.0,
          256.0
        ],
        [
          0.0,
          955.4050067376327,
          256.0
        ],
        [
          0.0,
          0.0,
          1.0
        ]
      ],
      "pose": [
        [
          0.9976026661569192,
          0.001415655458329523,
          -0.06918754509469291,
          -0.12164644832402663
        ],
        [
          -0.06920202653540476,
          0.020407807838786252,
          -0.9973939045846473,
          -1.7536310315201822
        ],
        [
          2.1679505776388491e-19,
          0.999790736753866,
          0.02045684973698355,
          0.035967501246018774
        ],
        [
          0.0,
          0.0,
          0.0,
          1.0
        ]
      ],
      "rgb": "r_000.png",
      "alpha": "r_000_alpha.png",
      "depth": "r_000_depth_placeholder.png",
      "max_depth": 5.0,
      "HW": [
        512,
        512
      ]
    },
    {
      "intrinsic": [
        [
          955.4050067376327,
          0.0,
          256.0
        ],
        [
          0.0,
          955.4050067376327,
          256.0
        ],
        [
          0.0,
          0.0,
          1.0
        ]
      ],
      "pose": [
        [
          -0.13073451852531068,
          0.8619648576921358,
          -0.4898214672405972,
          -0.7901001602385934
        ],
        [
          -0.9914174124282643,
          -0.11366409268535321,
          0.06459093100474891,
          0.10418756291819446
        ],
        [
          1.1962165392844444e-17,
          0.494061795869496,
          0.8694267892480703,
          1.4024175979269777
        ],
        [
          0.0,
          0.0,
          0.0,
          1.0
        ]
      ],
      "rgb": "r_001.png",
      "alpha": "r_001_alpha.png",
      "depth": "r_001_depth_placeholder.png",
      "max_depth": 5.0,
      "HW": [
        512,
        512
      ]
    },
    {
      "intrinsic": [
        [
          955.4050067376327,
          0.0,
          256.0
        ],
        [
          0.0,
          955.4050067376327,
          256.0
        ],
        [
          0.0,
          0.0,
          1.0
        ]
      ],
      "pose": [
        [
          -0.9652764915471828,
          -0.18729130268891622,
          0.1821078328997695,
          0.2883892653286535
        ],
        [
          0.26123034828741015,
          -0.6920631264402424,
          0.6729096032569274,
          1.065631845845257
        ],
        [
          0.0,
          0.6971159135745258,
          0.7169584388520397,
          1.1353883803862441
        ],
        [
          0.0,
          0.0,
          0.0,
          1.0
        ]
      ],
      "rgb": "r_002.png",
      "alpha": "r_002_alpha.png",
      "depth": "r_002_depth_placeholder.png",
      "max_depth": 5.0,
      "HW": [
        512,
        512
      ]
    }
  ],
  "bbox": [
    [
      -3,
      -3,
      -3
    ],
    [
      3,
      3,
      3
    ]
  ]
}